9
1111 1111111 教授 2 1.1 42 2 3 1 1 1 1 1 1 1 1 1 1 1 0 59.1
8 武九 助教 1 1300 2180 280 120 480 90 320 170 520 13 110 35 65 7 13 21.09 5681.91
4 王五 助教 3 1200 2280 300 150 500 100 350 180 500 12 120 30 60 6 12 24 5776
3 张三 讲师 2 1653.75 2580 350 180 600 120 400 200 600 15 150 40 80 8 15 59.7525 6932
7 周吧 讲师 1500 1653.75 2520 380 200 650 150 420 220 620 17 160 45 85 9 16 64.3725 7081.38
2 李明 副教授 2 2099.52 2880 400 200 700 150 450 250 700 18 180 45 90 9 18 318.952 7870.57
6 孙琦 副教授 1 2099.52 2680 450 250 750 180 500 300 750 20 180 50 100 10 20 333.952 8005.57
5 赵六 教授 4 3025 3580 600 400 1000 300 700 500 1000 25 250 70 120 15 25 661 10949
1 徐兆康 教授 114514 11 160 1000 1000 4000 4000 2000 1 1 1 1 1 1 10 10 719.7 11477.3
